0 0 0 0 0 0 0 0 0 0 0 0 0 0 0 0 0 0 0 0 0 0 0 0 0 0 0 0 0 0 0 0
0 0 0 0 0 0 0 0 0 0 0 0 0 0 0 0 0 0 0 0 0 0 0 0 0 0 0 0 0 0 0 0
0 0 0 0 0 0 0 0 0 0 0 0 0 0 0 0 0 0 0 0 0 0 0 0 0 0 0 0 0 0 0 0
0 0 0 0 0 0 0 0 0 0 0 0 0 16 0 15 0 0 0 0 0 12 0 0 0 0 0 0 0 0 0 0
0 0 0 0 0 0 0 0 0 0 0 0 4 1 1 1 1 1 10 1 1 1 1 17 3 0 0 0 0 0 0 0
0 0 0 0 0 0 0 0 0 0 0 0 4 2 2 2 2 2 2 2 2 2 2 2 3 0 0 0 0 0 0 0
0 0 0 0 0 0 4 22 19 18 1 1 21 2 2 2 2 2 2 2 2 2 2 2 3 0 0 0 0 0 0 0
0 0 0 0 0 0 4 2 14 14 14 14 14 2 2 2 11 2 2 2 2 2 2 2 3 0 0 0 0 0 0 0
0 0 0 0 0 0 4 2 2 2 2 2 2 2 2 13 14 14 2 2 2 2 2 2 3 0 0 0 0 0 0 0
0 0 0 0 0 0 4 2 2 20 2 2 2 2 2 14 14 14 2 2 2 9 5 5 6 0 0 0 0 0 0 0
0 0 0 0 0 0 4 2 2 2 2 2 2 2 2 2 2 2 2 2 2 3 0 0 0 0 0 0 0 0 0 0
0 0 0 0 0 0 4 2 2 2 2 2 2 2 2 2 2 2 2 2 2 3 0 0 0 0 0 0 0 0 0 0
0 0 0 0 0 0 7 5 8 2 2 2 2 2 2 2 2 2 2 2 2 3 0 0 0 0 0 0 0 0 0 0
0 0 0 0 0 0 0 0 7 5 5 5 5 5 5 5 5 5 5 5 5 6 0 0 0 0 0 0 0 0 0 0
0 0 0 0 0 0 0 0 0 0 0 0 0 0 0 0 0 0 0 0 0 0 0 0 0 0 0 0 0 0 0 0
0 0 0 0 0 0 0 0 0 0 0 0 0 0 0 0 0 0 0 0 0 0 0 0 0 0 0 0 0 0 0 0
0 0 0 0 0 0 0 0 0 0 0 0 0 0 0 0 0 0 0 0 0 0 0 0 0 0 0 0 0 0 0 0
0 0 0 0 0 0 0 0 0 0 0 0 0 0 0 0 0 0 0 0 0 0 0 0 0 0 0 0 0 0 0 0