0 0 0 0 0 0 0 0 0 0 0 0 0 0 0 0 0 0 0 0 0 0 0 0 0 0 0 0 0 0 0 0
0 0 0 0 0 0 0 0 0 0 0 0 0 0 0 0 0 0 0 0 0 0 0 0 0 0 0 0 0 0 0 0
0 0 0 0 0 0 0 0 0 0 0 0 0 0 0 0 0 0 0 0 0 0 0 0 0 0 0 0 0 0 0 0
0 0 0 0 0 0 0 16 0 15 0 12 0 0 0 0 0 0 0 0 23 0 0 0 0 0 0 0 0 0 0 0
0 0 0 0 0 0 4 1 1 1 1 1 1 3 0 0 0 0 4 1 1 1 1 1 3 0 0 0 0 0 0 0
0 0 0 0 0 0 4 2 2 2 2 2 2 3 0 0 0 0 4 2 2 2 2 2 3 0 0 0 0 0 0 0
0 0 0 0 0 0 4 2 13 14 14 2 2 1 19 1 1 1 1 2 2 2 2 2 3 0 0 0 0 0 0 0
0 0 0 0 0 0 4 2 14 14 14 2 2 2 14 2 2 2 2 2 2 2 2 2 3 0 0 0 0 0 0 0
0 0 0 0 0 0 4 2 2 2 2 2 2 2 2 2 2 2 2 2 2 2 2 2 3 0 0 0 0 0 0 0
0 0 0 0 0 0 4 2 2 2 2 2 2 2 2 2 2 2 2 2 2 9 5 5 6 0 0 0 0 0 0 0
0 0 0 0 0 0 4 2 2 2 2 2 2 2 2 20 2 2 2 2 2 3 0 0 0 0 0 0 0 0 0 0
0 0 0 0 0 0 7 5 5 5 5 8 2 2 2 2 2 2 2 2 2 3 0 0 0 0 0 0 0 0 0 0
0 0 0 0 0 0 0 0 0 0 0 7 5 5 5 5 10 5 5 5 5 6 0 0 0 0 0 0 0 0 0 0
0 0 0 0 0 0 0 0 0 0 0 0 0 0 0 0 0 0 0 0 0 0 0 0 0 0 0 0 0 0 0 0
0 0 0 0 0 0 0 0 0 0 0 0 0 0 0 0 0 0 0 0 0 0 0 0 0 0 0 0 0 0 0 0
0 0 0 0 0 0 0 0 0 0 0 0 0 0 0 0 0 0 0 0 0 0 0 0 0 0 0 0 0 0 0 0
0 0 0 0 0 0 0 0 0 0 0 0 0 0 0 0 0 0 0 0 0 0 0 0 0 0 0 0 0 0 0 0
0 0 0 0 0 0 0 0 0 0 0 0 0 0 0 0 0 0 0 0 0 0 0 0 0 0 0 0 0 0 0 0